-466
-352
507
-44
395
-160
111
-339
398
52
406
-389
-110
-828
-74
612
26
-463
16
39
-20
79
-19
38
-677
194
-117
-886
518
-375
510
0
717
-428
-317
-806
790
-213
-421
-311
-943
36
184
-560
-706
95
411
-274
611
-195
128
-556
-197
-280
281
308
-136
-64
-741
802
-239
-148
260
155
427
19
-164
-615
-8
198
-618
-790
202
-398
205
205
111
-85
534
-733
139
462
-427
-586
-182
231
175
-739
-474
483
-27
-297
-157
-132
138
612
-151
-287
-162
83
-361
-338
151
-586
-572
570
291
-441
435
625
259
-258
230
-626
132
819
-201
-530
805
-712
224
630
-191
203
311
52
721
77
-51
-807
-414
227
-313
-866
-345
763
